0.000000 6149900.000000
0.000301 6223800.000000
0.000500 6223800.000000
0.000771 6412800.000000
0.001000 6789600.000000
0.001264 7030000.000000
0.001500 7162500.000000
0.001761 7345200.000000
0.002000 7482800.000000
0.002260 7607100.000000
0.002500 7720300.000000
0.002759 7801900.000000
0.003000 7883600.000000
0.003258 7937500.000000
0.003500 7993600.000000
0.003758 8030400.000000
0.004000 8069200.000000
0.004258 8095800.000000
0.004500 8123600.000000
0.004757 8144300.000000
0.005000 8165400.000000
0.005257 8182500.000000
0.005500 8199600.000000
0.005757 8214700.000000
0.006000 8229300.000000
0.006257 8243000.000000
0.006500 8256100.000000
0.006757 8268900.000000
0.007000 8280900.000000
0.007256 8292900.000000
0.007500 8303900.000000
0.007756 8315200.000000
0.008000 8325400.000000
0.008256 8335800.000000
0.008500 8345100.000000
0.008756 8354600.000000
0.009000 8363100.000000
0.009256 8371500.000000
0.009500 8379000.000000
0.009755 8386400.000000
0.010000 8392900.000000
0.010255 8399200.000000
0.010500 8404600.000000
0.010755 8409600.000000
0.011000 8413900.000000
0.011255 8417700.000000
0.011500 8420800.000000
0.011755 8423300.000000
0.012000 8425200.000000
0.012255 8426500.000000
0.012500 8427000.000000
0.012755 8427000.000000
0.013000 8426400.000000
0.013255 8425000.000000
0.013500 8423100.000000
0.013755 8420400.000000
0.014000 8417200.000000
0.014255 8413200.000000
0.014500 8408700.000000
0.014755 8403400.000000
0.015000 8397600.000000
0.015255 8390900.000000
0.015500 8383900.000000
0.015755 8375900.000000
0.016000 8367600.000000
0.016255 8358200.000000
0.016500 8348600.000000
0.016755 8338000.000000
0.017000 8327100.000000
0.017255 8315100.000000
0.017500 8302900.000000
0.017755 8289600.000000
0.018000 8276200.000000
0.018255 8261600.000000
0.018500 8246900.000000
0.018755 8230900.000000
0.019000 8214900.000000
0.019255 8197600.000000
0.019500 8180400.000000
0.019755 8161800.000000
0.020000 8143200.000000
0.020255 8123300.000000
0.020500 8103500.000000
0.020755 8082300.000000
0.021000 8061200.000000
0.021255 8038600.000000
0.021500 8016200.000000
0.021755 7992300.000000
0.022000 7968600.000000
0.022255 7943400.000000
0.022500 7918500.000000
0.022755 7891900.000000
0.023000 7865600.000000
0.023255 7837700.000000
0.023500 7810200.000000
0.023755 7780900.000000
0.024000 7752100.000000
0.024255 7721400.000000
0.024500 7691300.000000
0.024755 7659300.000000
0.025000 7627800.000000
0.025255 7594500.000000
0.025500 7561700.000000
0.025755 7527000.000000
0.026000 7492900.000000
0.026255 7456800.000000
0.026500 7421400.000000
0.026755 7384000.000000
0.027000 7347200.000000
0.027255 7308400.000000
0.027500 7270300.000000
0.027755 7230100.000000
0.028000 7190700.000000
0.028255 7149100.000000
0.028500 7108400.000000
0.028755 7065400.000000
0.029000 7023300.000000
0.029255 6978900.000000
0.029500 6935500.000000
0.029755 6889700.000000
0.030000 6845000.000000
0.030255 6797800.000000
0.030500 6751800.000000
0.030755 6703200.000000
0.031000 6655800.000000
0.031255 6605900.000000
0.031500 6557200.000000
0.031755 6505800.000000
0.032000 6455800.000000
0.032255 6403100.000000
0.032500 6351700.000000
0.032755 6297600.000000
0.033000 6245000.000000
0.033255 6189500.000000
0.033500 6135500.000000
0.033755 6078800.000000
0.034000 6023500.000000
0.034255 5965400.000000
0.034500 5908800.000000
0.034755 5849400.000000
0.035000 5791600.000000
0.035255 5730800.000000
0.035500 5671800.000000
0.035755 5609700.000000
0.036000 5549400.000000
0.036255 5486100.000000
0.036500 5424600.000000
0.036755 5360100.000000
0.037000 5297300.000000
0.037255 5231600.000000
0.037500 5167700.000000
0.037755 5100800.000000
0.038000 5035700.000000
0.038255 4967600.000000
0.038500 4901400.000000
0.038755 4832200.000000
0.039000 4765000.000000
0.039255 4694600.000000
0.039500 4626300.000000
0.039755 4554900.000000
0.040000 4485600.000000
0.040255 4413100.000000
0.040500 4342800.000000
0.040754 4269400.000000
0.041000 4198200.000000
0.041254 4123800.000000
0.041500 4051600.000000
0.041754 3976400.000000
0.042000 3903400.000000
0.042254 3827200.000000
0.042500 3753400.000000
0.042754 3676400.000000
0.043000 3601900.000000
0.043254 3524100.000000
0.043500 3448800.000000
0.043754 3370400.000000
0.044000 3294400.000000
0.044254 3215400.000000
0.044500 3138800.000000
0.044754 3059100.000000
0.045000 2981900.000000
0.045254 2901700.000000
0.045500 2824000.000000
0.045754 2743300.000000
0.046000 2665200.000000
0.046254 2584100.000000
0.046500 2505600.000000
0.046754 2424000.000000
0.047000 2345200.000000
0.047254 2263400.000000
0.047500 2184200.000000
0.047754 2102200.000000
0.048000 2022800.000000
0.048254 1940600.000000
0.048500 1861100.000000
0.048754 1778700.000000
0.049000 1699100.000000
0.049254 1616700.000000
0.049500 1537000.000000
0.049754 1454600.000000
0.050000 1375000.000000
0.050254 1292600.000000
0.050500 1213000.000000
0.050754 1130800.000000
0.051000 1051400.000000
0.051254 969360.000000
0.051500 890150.000000
0.051754 808360.000000
0.052000 729400.000000
0.052254 647930.000000
0.052500 569290.000000
0.052754 488190.000000
0.053000 409920.000000
0.053254 329260.000000
0.053500 251410.000000
0.053754 171240.000000
0.054000 93869.000000
0.054254 14252.000000
0.054500 -62591.000000
0.054754 -141600.000000
0.055000 -217860.000000
0.055254 -296220.000000
0.055500 -371850.000000
0.055754 -449490.000000
0.056000 -524440.000000
0.056254 -601330.000000
0.056500 -675550.000000
0.056754 -751630.000000
0.057000 -825070.000000
0.057254 -900310.000000
0.057500 -972940.000000
0.057754 -1047300.000000
0.058000 -1119000.000000
0.058254 -1192500.000000
0.058500 -1263300.000000
0.058753 -1335800.000000
0.059000 -1405700.000000
0.059253 -1477100.000000
0.059500 -1546100.000000
0.059753 -1616500.000000
0.060000 -1684400.000000
0.060253 -1753700.000000
0.060500 -1820700.000000
0.060753 -1888900.000000
0.061000 -1954700.000000
0.061253 -2021800.000000
0.061500 -2086600.000000
0.061753 -2152500.000000
0.062000 -2216100.000000
0.062253 -2280900.000000
0.062500 -2343400.000000
0.062753 -2406900.000000
0.063000 -2468300.000000
0.063253 -2530600.000000
0.063500 -2590800.000000
0.063753 -2651900.000000
0.064000 -2710900.000000
0.064253 -2770700.000000
0.064500 -2828500.000000
0.064753 -2887000.000000
0.065000 -2943600.000000
0.065253 -3000900.000000
0.065500 -3056300.000000
0.065753 -3112300.000000
0.066000 -3166400.000000
0.066253 -3221100.000000
0.066500 -3274000.000000
0.066753 -3327400.000000
0.067000 -3379000.000000
0.067253 -3431100.000000
0.067500 -3481500.000000
0.067753 -3532400.000000
0.068000 -3581400.000000
0.068253 -3631000.000000
0.068500 -3678800.000000
0.068753 -3727100.000000
0.069000 -3773700.000000
0.069253 -3820700.000000
0.069500 -3866000.000000
0.069753 -3911700.000000
0.070000 -3955700.000000
0.070253 -4000100.000000
0.070500 -4043000.000000
0.070753 -4086100.000000
0.071000 -4127700.000000
0.071253 -4169500.000000
0.071500 -4209900.000000
0.071753 -4250500.000000
0.072000 -4289600.000000
0.072253 -4328900.000000
0.072500 -4366800.000000
0.072753 -4404900.000000
0.073000 -4441600.000000
0.073253 -4478500.000000
0.073500 -4514000.000000
0.073753 -4549600.000000
0.074000 -4583900.000000
0.074253 -4618400.000000
0.074500 -4651500.000000
0.074753 -4684700.000000
0.075000 -4716600.000000
0.075253 -4748700.000000
0.075500 -4779500.000000
0.075753 -4810300.000000
0.076000 -4839900.000000
0.076253 -4869700.000000
0.076500 -4898100.000000
0.076753 -4926700.000000
0.077000 -4954100.000000
0.077253 -4981500.000000
0.077500 -5007700.000000
0.077753 -5034000.000000
0.078000 -5059200.000000
0.078253 -5084400.000000
0.078500 -5108400.000000
0.078753 -5132500.000000
0.079000 -5155400.000000
0.079253 -5178400.000000
0.079500 -5200300.000000
0.079753 -5222300.000000
0.080000 -5243100.000000
0.080253 -5264000.000000
0.080500 -5283800.000000
0.080753 -5303600.000000
0.081000 -5322300.000000
0.081254 -5341100.000000
0.081500 -5358900.000000
0.081754 -5376600.000000
0.082000 -5393300.000000
0.082254 -5410000.000000
0.082500 -5425800.000000
0.082754 -5441500.000000
0.083000 -5456200.000000
0.083254 -5470900.000000
0.083500 -5484700.000000
0.083754 -5498400.000000
0.084000 -5511300.000000
0.084254 -5524000.000000
0.084500 -5535900.000000
0.084754 -5547600.000000
0.085000 -5558500.000000
0.085254 -5569300.000000
0.085500 -5579300.000000
0.085754 -5589100.000000
0.086000 -5598200.000000
0.086254 -5607100.000000
0.086500 -5615300.000000
0.086754 -5623200.000000
0.087000 -5630400.000000
0.087254 -5637400.000000
0.087500 -5643800.000000
0.087754 -5649900.000000
0.088000 -5655300.000000
0.088254 -5660500.000000
0.088500 -5665100.000000
0.088754 -5669300.000000
0.089000 -5673000.000000
0.089254 -5676300.000000
0.089500 -5679200.000000
0.089754 -5681600.000000
0.090000 -5683500.000000
0.090254 -5685100.000000
0.090500 -5686200.000000
0.090754 -5686800.000000
0.091000 -5687100.000000
0.091255 -5686800.000000
0.091500 -5686200.000000
0.091755 -5685100.000000
0.092000 -5683600.000000
0.092255 -5681700.000000
0.092500 -5679300.000000
0.092755 -5676500.000000
0.093000 -5673300.000000
0.093255 -5669600.000000
0.093500 -5665600.000000
0.093755 -5661000.000000
0.094000 -5656200.000000
0.094255 -5650800.000000
0.094500 -5645100.000000
0.094755 -5638800.000000
0.095000 -5632400.000000
0.095255 -5625200.000000
0.095500 -5617900.000000
0.095755 -5609900.000000
0.096000 -5601800.000000
0.096255 -5593000.000000
0.096500 -5584100.000000
0.096755 -5574400.000000
0.097000 -5564600.000000
0.097255 -5554100.000000
0.097500 -5543600.000000
0.097755 -5532200.000000
0.098000 -5520900.000000
0.098255 -5508700.000000
0.098500 -5496600.000000
0.098755 -5483500.000000
0.099000 -5470600.000000
0.099255 -5456800.000000
0.099500 -5443000.000000
0.099755 -5428400.000000
0.100000 -5413900.000000
0.100250 -5398400.000000
0.100500 -5383100.000000
0.100750 -5366800.000000
0.101000 -5350800.000000
0.101250 -5333700.000000
0.101500 -5316800.000000
0.101750 -5299000.000000
0.102000 -5281400.000000
0.102250 -5262700.000000
0.102500 -5244300.000000
0.102750 -5224900.000000
0.103000 -5205800.000000
0.103250 -5185500.000000
0.103500 -5165700.000000
0.103750 -5144700.000000
0.104000 -5124100.000000
0.104250 -5102300.000000
0.104500 -5081000.000000
0.104750 -5058500.000000
0.105000 -5036500.000000
0.105250 -5013200.000000
0.105500 -4990500.000000
0.105750 -4966500.000000
0.106000 -4943100.000000
0.106250 -4918400.000000
0.106500 -4894300.000000
0.106750 -4868900.000000
0.107000 -4844100.000000
0.107250 -4818000.000000
0.107500 -4792600.000000
0.107750 -4765900.000000
0.108000 -4739800.000000
0.108250 -4712400.000000
0.108500 -4685700.000000
0.108750 -4657600.000000
0.109000 -4630400.000000
0.109250 -4601700.000000
0.109500 -4573800.000000
0.109750 -4544600.000000
0.110000 -4516100.000000
0.110250 -4486300.000000
0.110500 -4457300.000000
0.110750 -4426900.000000
0.111000 -4397400.000000
0.111250 -4366500.000000
0.111500 -4336500.000000
0.111750 -4305000.000000
0.112000 -4274500.000000
0.112250 -4242600.000000
0.112500 -4211700.000000
0.112750 -4179300.000000
0.113000 -4148000.000000
0.113250 -4115200.000000
0.113500 -4083400.000000
0.113750 -4050200.000000
0.114000 -4018100.000000
0.114250 -3984500.000000
0.114500 -3952100.000000
0.114750 -3918200.000000
0.115000 -3885400.000000
0.115250 -3851200.000000
0.115500 -3818200.000000
0.115750 -3783700.000000
0.116000 -3750400.000000
0.116250 -3715600.000000
0.116500 -3682200.000000
0.116750 -3647200.000000
0.117000 -3613500.000000
0.117250 -3578400.000000
0.117500 -3544600.000000
0.117750 -3509300.000000
0.118000 -3475400.000000
0.118250 -3440000.000000
0.118500 -3406000.000000
0.118750 -3370600.000000
0.119000 -3336600.000000
0.119250 -3301100.000000
0.119500 -3267000.000000
0.119750 -3231500.000000
0.120000 -3197500.000000
0.120250 -3162100.000000
0.120500 -3128100.000000
0.120760 -3092800.000000
0.121000 -3058900.000000
0.121260 -3023600.000000
0.121500 -2989900.000000
0.121760 -2954800.000000
0.122000 -2921200.000000
0.122260 -2886200.000000
0.122500 -2852800.000000
0.122760 -2818100.000000
0.123000 -2784900.000000
0.123260 -2750400.000000
0.123500 -2717500.000000
0.123760 -2683300.000000
0.124000 -2650600.000000
0.124260 -2616700.000000
0.124500 -2584300.000000
0.124760 -2550800.000000
0.125000 -2518800.000000
0.125260 -2485500.000000
0.125500 -2453900.000000
0.125760 -2421100.000000
0.126000 -2389800.000000
0.126260 -2357400.000000
0.126500 -2326500.000000
0.126760 -2294500.000000
0.127000 -2264100.000000
0.127260 -2232600.000000
0.127500 -2202600.000000
0.127760 -2171600.000000
0.128000 -2142100.000000
0.128260 -2111600.000000
0.128500 -2082500.000000
0.128760 -2052500.000000
0.129000 -2024000.000000
0.129260 -1994500.000000
0.129500 -1966500.000000
0.129760 -1937600.000000
0.130000 -1910100.000000
0.130260 -1881800.000000
0.130500 -1854800.000000
0.130760 -1827000.000000
0.131000 -1800600.000000
0.131260 -1773400.000000
0.131500 -1747600.000000
0.131760 -1721000.000000
0.132000 -1695700.000000
0.132260 -1669700.000000
0.132500 -1645000.000000
0.132760 -1619600.000000
0.133000 -1595500.000000
0.133260 -1570700.000000
0.133500 -1547200.000000
0.133750 -1523000.000000
0.134000 -1500000.000000
0.134250 -1476500.000000
0.134500 -1454100.000000
0.134750 -1431100.000000
0.135000 -1409300.000000
0.135250 -1386900.000000
0.135500 -1365700.000000
0.135750 -1344000.000000
0.136000 -1323300.000000
0.136250 -1302100.000000
0.136500 -1282100.000000
0.136750 -1261500.000000
0.137000 -1242000.000000
0.137250 -1222000.000000
0.137500 -1203000.000000
0.137750 -1183600.000000
0.138000 -1165200.000000
0.138250 -1146400.000000
0.138500 -1128500.000000
0.138750 -1110300.000000
0.139000 -1093000.000000
0.139250 -1075300.000000
0.139500 -1058500.000000
0.139750 -1041300.000000
0.140000 -1025000.000000
0.140250 -1008400.000000
0.140500 -992630.000000
0.140750 -976530.000000
0.141000 -961250.000000
0.141250 -945680.000000
0.141500 -930880.000000
0.141750 -915810.000000
0.142000 -901490.000000
0.142250 -886910.000000
0.142500 -873060.000000
0.142750 -858950.000000
0.143000 -845560.000000
0.143250 -831920.000000
0.143500 -818970.000000
0.143750 -805790.000000
0.144000 -793260.000000
0.144250 -780520.000000
0.144500 -768420.000000
0.144750 -756110.000000
0.145000 -744420.000000
0.145250 -732530.000000
0.145500 -721230.000000
0.145750 -709740.000000
0.146000 -698830.000000
0.146250 -687740.000000
0.146500 -677200.000000
0.146750 -666490.000000
0.147000 -656310.000000
0.147250 -645970.000000
0.147500 -636150.000000
0.147750 -626170.000000
0.148000 -616680.000000
0.148250 -607040.000000
0.148500 -597880.000000
0.148750 -588580.000000
0.149000 -579740.000000
0.149250 -570770.000000
0.149500 -562230.000000
0.149750 -553570.000000
0.150000 -545330.000000
0.150250 -536970.000000
0.150500 -529020.000000
0.150750 -520950.000000
0.151000 -513280.000000
0.151250 -505490.000000
0.151500 -498090.000000
0.151750 -490570.000000
0.152000 -483420.000000
0.152250 -476170.000000
0.152500 -469270.000000
0.152750 -462270.000000
0.153000 -455610.000000
0.153250 -448850.000000
0.153500 -442420.000000
0.153750 -435900.000000
0.154000 -429690.000000
0.154250 -423390.000000
0.154500 -417400.000000
0.154750 -411320.000000
0.155000 -405530.000000
0.155250 -399660.000000
0.155500 -394070.000000
0.155750 -388400.000000
0.156000 -383010.000000
0.156250 -377530.000000
0.156500 -372320.000000
0.156750 -367030.000000
0.157000 -361990.000000
0.157250 -356880.000000
0.157500 -352020.000000
0.157750 -347080.000000
0.158000 -342380.000000
0.158250 -337610.000000
0.158500 -333070.000000
0.158750 -328460.000000
0.159000 -324070.000000
0.159250 -319610.000000
0.159500 -315370.000000
0.159750 -311060.000000
0.160000 -306950.000000
0.160250 -302790.000000
0.160500 -298820.000000
0.160750 -294790.000000
0.161000 -290950.000000
0.161250 -287050.000000
0.161500 -283340.000000
0.161750 -279570.000000
0.162000 -275980.000000
0.162250 -272330.000000
0.162500 -268850.000000
0.162750 -265320.000000
0.163000 -261950.000000
0.163250 -258530.000000
0.163500 -255270.000000
0.163750 -251960.000000
0.164000 -248810.000000
0.164250 -245600.000000
0.164500 -242540.000000
0.164750 -239440.000000
0.165000 -236480.000000
0.165250 -233470.000000
0.165500 -230600.000000
0.165750 -227680.000000
0.166000 -224900.000000
0.166250 -222080.000000
0.166500 -219380.000000
0.166750 -216640.000000
0.167000 -214030.000000
0.167250 -211370.000000
0.167500 -208840.000000
0.167750 -206260.000000
0.168000 -203800.000000
0.168250 -201300.000000
0.168500 -198920.000000
0.168750 -196490.000000
0.169000 -194180.000000
0.169250 -191820.000000
0.169500 -189580.000000
0.169750 -187290.000000
0.170000 -185110.000000
0.170250 -182890.000000
0.170500 -180780.000000
0.170750 -178620.000000
0.171000 -176560.000000
0.171250 -174470.000000
0.171500 -172470.000000
0.171750 -170440.000000
0.172000 -168500.000000
0.172250 -166520.000000
0.172500 -164640.000000
0.172750 -162720.000000
0.173000 -160880.000000
0.173250 -159020.000000
0.173500 -157230.000000
0.173750 -155420.000000
0.174000 -153680.000000
0.174250 -151920.000000
0.174500 -150230.000000
0.174750 -148510.000000
0.175000 -146870.000000
0.175250 -145200.000000
0.175500 -143610.000000
0.175750 -141980.000000
0.176000 -140430.000000
0.176250 -138840.000000
0.176500 -137330.000000
0.176750 -135790.000000
0.177000 -134320.000000
0.177250 -132820.000000
0.177500 -131390.000000
0.177750 -129920.000000
0.178000 -128530.000000
0.178250 -127110.000000
0.178500 -125740.000000
0.178750 -124360.000000
0.179000 -123030.000000
0.179250 -121680.000000
0.179500 -120390.000000
0.179750 -119070.000000
0.180000 -117820.000000
0.180250 -116530.000000
0.180500 -115300.000000
0.180750 -114050.000000
0.181000 -112860.000000
0.181250 -111640.000000
0.181500 -110470.000000
0.181750 -109280.000000
0.182000 -108140.000000
0.182250 -106980.000000
0.182500 -105870.000000
0.182750 -104740.000000
0.183000 -103660.000000
0.183250 -102550.000000
0.183500 -101500.000000
0.183750 -100420.000000
0.184000 -99387.000000
0.184250 -98335.000000
0.184500 -97328.000000
0.184750 -96302.000000
0.185000 -95319.000000
0.185250 -94316.000000
0.185500 -93357.000000
0.185750 -92378.000000
0.186000 -91441.000000
0.186250 -90485.000000
0.186500 -89570.000000
0.186750 -88636.000000
0.187000 -87743.000000
0.187250 -86831.000000
0.187500 -85958.000000
0.187750 -85067.000000
0.188000 -84214.000000
0.188250 -83343.000000
0.188500 -82510.000000
0.188750 -81659.000000
0.189000 -80844.000000
0.189250 -80013.000000
0.189500 -79217.000000
0.189750 -78404.000000
0.190000 -77626.000000
0.190250 -76832.000000
0.190500 -76071.000000
0.190750 -75295.000000
0.191000 -74551.000000
0.191250 -73792.000000
0.191500 -73064.000000
0.191750 -72322.000000
0.192000 -71611.000000
0.192250 -70884.000000
0.192500 -70189.000000
0.192750 -69479.000000
0.193000 -68798.000000
0.193250 -68104.000000
0.193500 -67438.000000
0.193750 -66759.000000
0.194000 -66108.000000
0.194250 -65443.000000
0.194500 -64806.000000
0.194750 -64155.000000
0.195000 -63532.000000
0.195250 -62895.000000
0.195500 -62285.000000
0.195750 -61663.000000
0.196000 -61066.000000
0.196250 -60456.000000
0.196500 -59872.000000
0.196750 -59275.000000
0.197000 -58703.000000
0.197250 -58119.000000
0.197500 -57559.000000
0.197750 -56988.000000
0.198000 -56440.000000
0.198250 -55880.000000
0.198500 -55343.000000
0.198750 -54796.000000
0.199000 -54270.000000
0.199250 -53734.000000
0.199500 -53219.000000
0.199750 -52694.000000
0.200000 -52190.000000
0.200250 -51676.000000
0.200500 -51182.000000
0.200750 -50678.000000
0.201000 -50195.000000
0.201250 -49702.000000
0.201500 -49228.000000
0.201750 -48745.000000
0.202000 -48281.000000
0.202250 -47808.000000
0.202500 -47354.000000
0.202750 -46890.000000
0.203000 -46445.000000
0.203250 -45991.000000
0.203500 -45555.000000
0.203750 -45110.000000
0.204000 -44683.000000
0.204250 -44247.000000
0.204500 -43829.000000
0.204750 -43402.000000
0.205000 -42992.000000
0.205250 -42573.000000
0.205500 -42171.000000
0.205750 -41761.000000
0.206000 -41367.000000
0.206250 -40965.000000
0.206500 -40580.000000
0.206750 -40186.000000
0.207000 -39808.000000
0.207250 -39422.000000
0.207500 -39051.000000
0.207750 -38673.000000
0.208000 -38310.000000
0.208250 -37939.000000
0.208500 -37583.000000
0.208750 -37219.000000
0.209000 -36871.000000
0.209250 -36514.000000
0.209500 -36172.000000
0.209750 -35823.000000
0.210000 -35488.000000
0.210250 -35145.000000
0.210500 -34817.000000
0.210750 -34481.000000
0.211000 -34159.000000
0.211250 -33830.000000
0.211500 -33514.000000
0.211750 -33192.000000
0.212000 -32882.000000
0.212250 -32566.000000
0.212500 -32262.000000
0.212750 -31952.000000
0.213000 -31654.000000
0.213250 -31350.000000
0.213500 -31059.000000
0.213750 -30760.000000
0.214000 -30474.000000
0.214250 -30182.000000
0.214500 -29901.000000
0.214750 -29615.000000
0.215000 -29340.000000
0.215250 -29059.000000
0.215500 -28789.000000
0.215750 -28513.000000
0.216000 -28249.000000
0.216250 -27978.000000
0.216500 -27719.000000
0.216750 -27454.000000
0.217000 -27199.000000
0.217250 -26940.000000
0.217500 -26690.000000
0.217750 -26435.000000
0.218000 -26190.000000
0.218250 -25940.000000
0.218500 -25700.000000
0.218750 -25455.000000
0.219000 -25220.000000
0.219250 -24979.000000
0.219500 -24749.000000
0.219750 -24513.000000
0.220000 -24286.000000
0.220250 -24055.000000
0.220500 -23833.000000
0.220750 -23606.000000
0.221000 -23388.000000
0.221250 -23166.000000
0.221500 -22952.000000
0.221750 -22734.000000
0.222000 -22524.000000
0.222250 -22310.000000
0.222500 -22105.000000
0.222750 -21895.000000
0.223000 -21693.000000
0.223250 -21487.000000
0.223500 -21289.000000
0.223750 -21087.000000
0.224000 -20893.000000
0.224250 -20695.000000
0.224500 -20505.000000
0.224750 -20310.000000
0.225000 -20123.000000
0.225250 -19933.000000
0.225500 -19750.000000
0.225750 -19562.000000
0.226000 -19383.000000
0.226250 -19199.000000
0.226500 -19023.000000
0.226750 -18843.000000
0.227000 -18670.000000
0.227250 -18493.000000
0.227500 -18324.000000
0.227750 -18151.000000
0.228000 -17984.000000
0.228250 -17814.000000
0.228500 -17651.000000
0.228750 -17484.000000
0.229000 -17324.000000
0.229250 -17160.000000
0.229500 -17003.000000
0.229750 -16843.000000
0.230000 -16689.000000
0.230250 -16531.000000
0.230500 -16380.000000
0.230750 -16225.000000
0.231000 -16077.000000
0.231250 -15926.000000
0.231500 -15780.000000
0.231750 -15631.000000
0.232000 -15488.000000
0.232250 -15343.000000
0.232500 -15202.000000
0.232750 -15059.000000
0.233000 -14922.000000
0.233250 -14781.000000
0.233500 -14646.000000
0.233750 -14509.000000
0.234000 -14376.000000
0.234250 -14241.000000
0.234500 -14111.000000
0.234750 -13979.000000
0.235000 -13851.000000
0.235250 -13721.000000
0.235500 -13596.000000
0.235750 -13469.000000
0.236000 -13346.000000
0.236250 -13221.000000
0.236500 -13100.000000
0.236750 -12978.000000
0.237000 -12859.000000
0.237250 -12739.000000
0.237500 -12623.000000
0.237750 -12505.000000
0.238000 -12391.000000
0.238250 -12275.000000
0.238500 -12163.000000
0.238750 -12050.000000
0.239000 -11940.000000
0.239250 -11828.000000
0.239500 -11721.000000
0.239750 -11611.000000
0.240000 -11506.000000
0.240250 -11399.000000
0.240500 -11295.000000
0.240750 -11190.000000
0.241000 -11088.000000
0.241250 -10985.000000
0.241500 -10885.000000
0.241750 -10783.000000
0.242000 -10686.000000
0.242250 -10586.000000
0.242500 -10490.000000
0.242750 -10392.000000
0.243000 -10298.000000
0.243250 -10202.000000
0.243500 -10110.000000
0.243750 -10016.000000
0.244000 -9925.300000
0.244250 -9832.900000
0.244500 -9744.000000
0.244750 -9653.300000
0.245000 -9566.100000
0.245250 -9477.100000
0.245500 -9391.500000
0.245750 -9304.200000
0.246000 -9220.200000
0.246250 -9134.600000
0.246500 -9052.200000
0.246750 -8968.100000
0.247000 -8887.200000
0.247250 -8804.700000
0.247500 -8725.300000
0.247750 -8644.400000
0.248000 -8566.500000
0.248250 -8487.100000
0.248500 -8410.600000
0.248750 -8332.700000
0.249000 -8257.700000
0.249250 -8181.200000
0.249500 -8107.500000
0.249750 -8032.500000
0.250000 -7960.200000
0.250250 -7886.500000
0.250500 -7815.600000
0.250750 -7743.300000
0.251000 -7673.700000
0.251250 -7602.800000
0.251500 -7534.500000
0.251750 -7464.900000
0.252000 -7397.800000
0.252250 -7329.500000
0.252500 -7263.700000
0.252750 -7196.600000
0.253000 -7132.000000
0.253250 -7066.200000
0.253500 -7002.800000
0.253750 -6938.200000
0.254000 -6876.000000
0.254250 -6812.600000
0.254500 -6751.500000
0.254750 -6689.300000
0.255000 -6629.300000
0.255250 -6568.200000
0.255500 -6509.400000
0.255750 -6449.400000
0.256000 -6391.600000
0.256250 -6332.800000
0.256500 -6276.100000
0.256750 -6218.300000
0.257000 -6162.600000
0.257250 -6105.900000
0.257500 -6051.200000
0.257750 -5995.500000
0.258000 -5941.900000
0.258250 -5887.200000
0.258500 -5834.500000
0.258750 -5780.800000
0.259000 -5729.100000
0.259250 -5676.400000
0.259500 -5625.600000
0.259750 -5573.900000
0.260000 -5524.000000
0.260250 -5473.200000
0.260500 -5424.200000
0.260750 -5374.400000
0.261000 -5326.300000
0.261250 -5277.300000
0.261500 -5230.100000
0.261750 -5181.900000
0.262000 -5135.600000
0.262250 -5088.300000
0.262500 -5042.800000
0.262750 -4996.400000
0.263000 -4951.600000
0.263250 -4906.100000
0.263500 -4862.100000
0.263750 -4817.400000
0.264000 -4774.200000
0.264250 -4730.200000
0.264500 -4687.800000
0.264750 -4644.600000
0.265000 -4603.000000
0.265250 -4560.500000
0.265500 -4519.600000
0.265750 -4477.900000
0.266000 -4437.700000
0.266250 -4396.800000
0.266500 -4357.200000
0.266750 -4317.000000
0.267000 -4278.200000
0.267250 -4238.600000
0.267500 -4200.500000
0.267750 -4161.600000
0.268000 -4124.100000
0.268250 -4085.900000
0.268500 -4049.100000
0.268750 -4011.500000
0.269000 -3975.300000
0.269250 -3938.400000
0.269500 -3902.800000
0.269750 -3866.500000
0.270000 -3831.500000
0.270250 -3795.900000
0.270500 -3761.500000
0.270750 -3726.400000
0.271000 -3692.600000
0.271250 -3658.100000
0.271500 -3624.800000
0.271750 -3591.000000
0.272000 -3558.200000
0.272250 -3524.900000
0.272500 -3492.700000
0.272750 -3460.000000
0.273000 -3428.300000
0.273250 -3396.100000
0.273500 -3364.900000
0.273750 -3333.200000
0.274000 -3302.600000
0.274250 -3271.400000
0.274500 -3241.300000
0.274750 -3210.600000
0.275000 -3181.000000
0.275250 -3150.800000
0.275500 -3121.600000
0.275750 -3091.900000
0.276000 -3063.200000
0.276250 -3034.000000
0.276500 -3005.800000
0.276750 -2977.000000
0.277000 -2949.200000
0.277250 -2920.900000
0.277500 -2893.600000
0.277750 -2865.700000
0.278000 -2838.800000
0.278250 -2811.300000
0.278500 -2784.800000
0.278750 -2757.800000
0.279000 -2731.700000
0.279250 -2705.200000
0.279500 -2679.500000
0.279750 -2653.300000
0.280000 -2628.000000
0.280250 -2602.200000
0.280500 -2577.300000
0.280750 -2551.900000
0.281000 -2527.400000
0.281250 -2502.400000
0.281500 -2478.200000
0.281750 -2453.600000
0.282000 -2429.800000
0.282250 -2405.600000
0.282500 -2382.100000
0.282750 -2358.200000
0.283000 -2335.100000
0.283250 -2311.600000
0.283500 -2288.900000
0.283750 -2265.700000
0.284000 -2243.300000
0.284250 -2220.400000
0.284500 -2198.300000
0.284750 -2175.800000
0.285000 -2154.100000
0.285250 -2131.900000
0.285500 -2110.500000
0.285750 -2088.600000
0.286000 -2067.500000
0.286250 -2046.000000
0.286500 -2025.100000
0.286750 -2003.900000
0.287000 -1983.400000
0.287250 -1962.500000
0.287500 -1942.300000
0.287750 -1921.600000
0.288000 -1901.700000
0.288250 -1881.400000
0.288500 -1861.800000
0.288750 -1841.700000
0.289000 -1822.400000
0.289250 -1802.600000
0.289500 -1783.500000
0.289750 -1764.100000
0.290000 -1745.300000
0.290250 -1726.100000
0.290500 -1707.500000
0.290750 -1688.600000
0.291000 -1670.400000
0.291250 -1651.700000
0.291500 -1633.700000
0.291750 -1615.300000
0.292000 -1597.600000
0.292250 -1579.500000
0.292500 -1562.000000
0.292750 -1544.100000
0.293000 -1526.800000
0.293250 -1509.200000
0.293500 -1492.200000
0.293750 -1474.900000
0.294000 -1458.100000
0.294250 -1441.000000
0.294500 -1424.500000
0.294750 -1407.600000
0.295000 -1391.300000
0.295250 -1374.700000
0.295500 -1358.700000
0.295750 -1342.300000
0.296000 -1326.500000
0.296250 -1310.300000
0.296500 -1294.700000
0.296750 -1278.800000
0.297000 -1263.400000
0.297250 -1247.800000
0.297500 -1232.600000
0.297750 -1217.200000
0.298000 -1202.200000
0.298250 -1187.000000
0.298500 -1172.300000
0.298750 -1157.300000
0.299000 -1142.800000
0.299250 -1128.000000
0.299500 -1113.800000
0.299750 -1099.200000
0.300000 -1085.100000
0.300250 -1070.800000
0.300500 -1056.900000
0.300750 -1042.800000
0.301000 -1029.100000
0.301250 -1015.200000
0.301500 -1001.800000
0.301750 -988.060000
0.302000 -974.840000
0.302250 -961.320000
0.302500 -948.300000
0.302750 -935.000000
0.303000 -922.180000
0.303250 -909.080000
0.303500 -896.460000
0.303750 -883.570000
0.304000 -871.150000
0.304250 -858.450000
0.304500 -846.230000
0.304750 -833.740000
0.305000 -821.720000
0.305250 -809.420000
0.305500 -797.590000
0.305750 -785.500000
0.306000 -773.870000
0.306250 -761.970000
0.306500 -750.530000
0.306750 -738.830000
0.307000 -727.580000
0.307250 -716.080000
0.307500 -705.020000
0.307750 -693.710000
0.308000 -682.840000
0.308250 -671.730000
0.308500 -661.050000
0.308750 -650.130000
0.309000 -639.640000
0.309250 -628.920000
0.309500 -618.620000
0.309750 -608.090000
0.310000 -597.980000
0.310250 -587.640000
0.310500 -577.720000
0.310750 -567.570000
0.311000 -557.840000
0.311250 -547.890000
0.311500 -538.350000
0.311750 -528.590000
0.312000 -519.240000
0.312250 -509.670000
0.312500 -500.510000
0.312750 -491.140000
0.313000 -482.170000
0.313250 -473.000000
0.313500 -464.210000
0.313750 -455.240000
0.314000 -446.650000
0.314250 -437.870000
0.314500 -429.470000
0.314750 -420.890000
0.315000 -412.690000
0.315250 -404.310000
0.315500 -396.300000
0.315750 -388.120000
0.316000 -380.310000
0.316250 -372.330000
0.316500 -364.720000
0.316750 -356.950000
0.317000 -349.520000
0.317250 -341.960000
0.317500 -334.740000
0.317750 -327.380000
0.318000 -320.350000
0.318250 -313.200000
0.318500 -306.380000
0.318750 -299.430000
0.319000 -292.810000
0.319250 -286.070000
0.319500 -279.650000
0.319750 -273.120000
0.320000 -266.900000
0.320250 -260.580000
0.320500 -254.560000
0.320750 -248.450000
0.321000 -242.630000
0.321250 -236.720000
0.321500 -231.100000
0.321750 -225.410000
0.322000 -219.990000
0.322250 -214.500000
0.322500 -209.270000
0.322750 -203.980000
0.323000 -198.960000
0.323250 -193.870000
0.323500 -189.040000
0.323750 -184.150000
0.324000 -179.500000
0.324250 -174.810000
0.324500 -170.360000
0.324750 -165.860000
0.325000 -161.590000
0.325250 -157.280000
0.325500 -153.190000
0.325750 -149.070000
0.326000 -145.160000
0.326250 -141.220000
0.326500 -137.480000
0.326750 -133.720000
0.327000 -130.150000
0.327250 -126.560000
0.327500 -123.150000
0.327750 -119.730000
0.328000 -116.480000
0.328250 -113.220000
0.328500 -110.130000
0.328750 -107.030000
0.329000 -104.080000
0.329250 -101.130000
0.329500 -98.334000
0.329750 -95.531000
0.330000 -92.872000
0.330250 -90.210000
0.330500 -87.685000
0.330750 -85.159000
0.331000 -82.763000
0.331250 -80.367000
0.331500 -78.095000
0.331750 -75.825000
0.332000 -73.671000
0.332250 -71.520000
0.332500 -69.481000
0.332750 -67.444000
0.333000 -65.513000
0.333250 -63.586000
0.333500 -61.759000
0.333750 -59.936000
0.334000 -58.208000
0.334250 -56.484000
0.334500 -54.850000
0.334750 -53.222000
0.335000 -51.677000
0.335250 -50.139000
0.335500 -48.680000
0.335750 -47.227000
0.336000 -45.850000
0.336250 -44.478000
0.336500 -43.178000
0.336750 -41.883000
0.337000 -40.656000
0.337250 -39.435000
0.337500 -38.277000
0.337750 -37.125000
0.338000 -36.033000
0.338250 -34.947000
0.338500 -33.917000
0.338750 -32.893000
0.339000 -31.922000
0.339250 -30.957000
0.339500 -30.042000
0.339750 -29.132000
0.340000 -28.270000
0.340250 -27.413000
0.340500 -26.600000
0.340750 -25.793000
0.341000 -25.028000
0.341250 -24.267000
0.341500 -23.546000
0.341750 -22.830000
0.342000 -22.151000
0.342250 -21.477000
0.342500 -20.838000
0.342750 -20.203000
0.343000 -19.601000
0.343250 -19.004000
0.343500 -18.437000
0.343750 -17.875000
0.344000 -17.341000
0.344250 -16.812000
0.344500 -16.310000
0.344750 -15.812000
0.345000 -15.339000
0.345250 -14.871000
0.345500 -14.426000
0.345750 -13.985000
0.346000 -13.567000
0.346250 -13.152000
0.346500 -12.758000
0.346750 -12.368000
0.347000 -11.997000
0.347250 -11.630000
0.347500 -11.282000
0.347750 -10.936000
0.348000 -10.609000
0.348250 -10.284000
0.348500 -9.975300
0.348750 -9.669600
0.349000 -9.379700
0.349250 -9.092200
0.349500 -8.819500
0.349750 -8.549100
0.350000 -8.292500
0.350250 -8.038200
0.350500 -7.797000
0.350750 -7.557800
0.351000 -7.330900
0.351250 -7.106000
0.351500 -6.892700
0.351750 -6.681200
0.352000 -6.480500
0.352250 -6.281600
0.352500 -6.092900
0.352750 -5.905900
0.353000 -5.728500
0.353250 -5.552600
0.353500 -5.385800
0.353750 -5.220400
0.354000 -5.063500
0.354250 -4.908100
0.354500 -4.760500
0.354750 -4.614300
0.355000 -4.475600
0.355250 -4.338200
0.355500 -4.207700
0.355750 -4.078500
0.356000 -3.955800
0.356250 -3.834300
0.356500 -3.719000
0.356750 -3.604800
0.357000 -3.496400
0.357250 -3.389000
0.357500 -3.287000
0.357750 -3.186000
0.358000 -3.090200
0.358250 -2.995300
0.358500 -2.905100
0.358750 -2.815900
0.359000 -2.731100
0.359250 -2.647200
0.359500 -2.567600
0.359750 -2.488700
0.360000 -2.413800
0.360250 -2.339600
0.360500 -2.269200
0.360750 -2.199500
0.361000 -2.133300
0.361250 -2.067700
0.361500 -2.005500
0.361750 -1.943900
0.362000 -1.885400
0.362250 -1.827400
0.362500 -1.772400
0.362750 -1.718000
0.363000 -1.666200
0.363250 -1.615000
0.363500 -1.566400
0.363750 -1.518300
0.364000 -1.472600
0.364250 -1.427300
0.364500 -1.384300
0.364750 -1.341800
0.365000 -1.301400
0.365250 -1.261400
0.365500 -1.223400
0.365750 -1.185800
0.366000 -1.150100
0.366250 -1.114800
0.366500 -1.081200
0.366750 -1.048000
0.367000 -1.016400
0.367250 -0.985190
0.367500 -0.955520
0.367750 -0.926160
0.368000 -0.898270
0.368250 -0.870670
0.368500 -0.844440
0.368750 -0.818500
0.369000 -0.793840
0.369250 -0.769450
0.369500 -0.746270
0.369750 -0.723340
0.370000 -0.701550
0.370250 -0.680000
0.370500 -0.659510
0.370750 -0.639250
0.371000 -0.619990
0.371250 -0.600950
0.371500 -0.582840
0.371750 -0.564930
0.372000 -0.547910
0.372250 -0.531080
0.372500 -0.515080
0.372750 -0.499260
0.373000 -0.484210
0.373250 -0.469340
0.373500 -0.455200
0.373750 -0.441210
0.374000 -0.427920
0.374250 -0.414770
0.374500 -0.402280
0.374750 -0.389920
0.375000 -0.378170
0.375250 -0.366550
0.375500 -0.355510
0.375750 -0.344580
0.376000 -0.334200
0.376250 -0.323940
0.376500 -0.314170
0.376750 -0.304520
0.377000 -0.295350
0.377250 -0.286270
0.377500 -0.277650
0.377750 -0.269120
0.378000 -0.261010
0.378250 -0.252990
0.378500 -0.245370
0.378750 -0.237830
0.379000 -0.230660
0.379250 -0.223580
0.379500 -0.216840
0.379750 -0.210180
0.380000 -0.203840
0.380250 -0.197580
0.380500 -0.191630
0.380750 -0.185740
0.381000 -0.180140
0.381250 -0.174610
0.381500 -0.169350
0.381750 -0.164150
0.382000 -0.159200
0.382250 -0.154310
0.382500 -0.149660
0.382750 -0.145060
0.383000 -0.140690
0.383250 -0.136370
0.383500 -0.132260
0.383750 -0.128200
0.384000 -0.124330
0.384250 -0.120510
0.384500 -0.116880
0.384750 -0.113290
0.385000 -0.109880
0.385250 -0.106500
0.385500 -0.103290
0.385750 -0.100120
0.386000 -0.097101
0.386250 -0.094120
0.386500 -0.091282
0.386750 -0.088479
0.387000 -0.085812
0.387250 -0.083177
0.387500 -0.080669
0.387750 -0.078192
0.388000 -0.075835
0.388250 -0.073506
0.388500 -0.071290
0.388750 -0.069101
0.389000 -0.067018
0.389250 -0.064960
0.389500 -0.063001
0.389750 -0.061067
0.390000 -0.059226
0.390250 -0.057407
0.390500 -0.055676
0.390750 -0.053967
0.391000 -0.052340
0.391250 -0.050733
0.391500 -0.049203
0.391750 -0.047692
0.392000 -0.046254
0.392250 -0.044834
0.392500 -0.043482
0.392750 -0.042147
0.393000 -0.040876
0.393250 -0.039622
0.393500 -0.038427
0.393750 -0.037247
0.394000 -0.036124
0.394250 -0.035015
0.394500 -0.033959
0.394750 -0.032916
0.395000 -0.031924
0.395250 -0.030944
0.395500 -0.030011
0.395750 -0.029089
0.396000 -0.028212
0.396250 -0.027346
0.396500 -0.026521
0.396750 -0.025707
0.397000 -0.024932
0.397250 -0.024167
0.397500 -0.023438
0.397750 -0.022718
0.398000 -0.022033
0.398250 -0.021357
0.398500 -0.020713
0.398750 -0.020077
0.399000 -0.019471
0.399250 -0.018874
0.399500 -0.018304
0.399750 -0.017743
0.400000 -0.017207
0.400250 -0.016679
0.400500 -0.016176
0.400750 -0.015680
0.401000 -0.015207
0.401250 -0.014740
0.401500 -0.014295
0.401750 -0.013857
0.402000 -0.013439
0.402250 -0.013026
0.402500 -0.012633
0.402750 -0.012246
0.403000 -0.011876
0.403250 -0.011512
0.403500 -0.011164
0.403750 -0.010822
0.404000 -0.010495
0.404250 -0.010173
0.404500 -0.009866
0.404750 -0.009564
0.405000 -0.009275
0.405250 -0.008991
0.405500 -0.008719
0.405750 -0.008452
0.406000 -0.008197
0.406250 -0.007945
0.406500 -0.007705
0.406750 -0.007469
0.407000 -0.007244
0.407250 -0.007021
0.407500 -0.006810
0.407750 -0.006601
0.408000 -0.006402
0.408250 -0.006205
0.408500 -0.006018
0.408750 -0.005833
0.409000 -0.005657
0.409250 -0.005484
0.409500 -0.005318
0.409750 -0.005155
0.410000 -0.004999
0.410250 -0.004846
0.410500 -0.004700
0.410750 -0.004556
0.411000 -0.004418
0.411250 -0.004283
0.411500 -0.004153
0.411750 -0.004026
0.412000 -0.003904
0.412250 -0.003785
0.412500 -0.003671
0.412750 -0.003558
0.413000 -0.003451
0.413250 -0.003345
0.413500 -0.003244
0.413750 -0.003144
0.414000 -0.003049
0.414250 -0.002956
0.414500 -0.002867
0.414750 -0.002779
0.415000 -0.002695
0.415250 -0.002612
0.415500 -0.002533
0.415750 -0.002456
0.416000 -0.002381
0.416250 -0.002308
0.416500 -0.002239
0.416750 -0.002170
0.417000 -0.002105
0.417250 -0.002040
0.417500 -0.001978
0.417750 -0.001918
0.418000 -0.001860
0.418250 -0.001803
0.418500 -0.001748
0.418750 -0.001695
0.419000 -0.001644
0.419250 -0.001593
0.419500 -0.001545
0.419750 -0.001498
0.420000 -0.001453
0.420250 -0.001408
0.420500 -0.001365
0.420750 -0.001324
0.421000 -0.001284
0.421250 -0.001244
0.421500 -0.001207
0.421750 -0.001170
0.422000 -0.001134
0.422250 -0.001100
0.422500 -0.001066
0.422750 -0.001034
0.423000 -0.001002
0.423250 -0.000972
0.423500 -0.000942
0.423750 -0.000914
0.424000 -0.000886
0.424250 -0.000859
0.424500 -0.000833
0.424750 -0.000807
0.425000 -0.000783
0.425250 -0.000759
0.425500 -0.000736
0.425750 -0.000713
0.426000 -0.000692
0.426250 -0.000671
0.426500 -0.000650
0.426750 -0.000631
0.427000 -0.000611
0.427250 -0.000593
0.427500 -0.000575
0.427750 -0.000557
0.428000 -0.000540
0.428250 -0.000524
0.428500 -0.000508
0.428750 -0.000492
0.429000 -0.000478
0.429250 -0.000463
0.429500 -0.000449
0.429750 -0.000435
0.430000 -0.000422
0.430250 -0.000409
0.430500 -0.000397
0.430750 -0.000385
0.431000 -0.000373
0.431250 -0.000362
0.431500 -0.000351
0.431750 -0.000340
0.432000 -0.000330
0.432250 -0.000319
0.432500 -0.000310
0.432750 -0.000300
0.433000 -0.000291
0.433250 -0.000282
0.433500 -0.000274
0.433750 -0.000265
0.434000 -0.000257
0.434250 -0.000250
0.434500 -0.000242
0.434750 -0.000235
0.435000 -0.000227
0.435250 -0.000221
0.435500 -0.000214
0.435750 -0.000207
0.436000 -0.000201
0.436250 -0.000195
0.436500 -0.000189
0.436750 -0.000183
0.437000 -0.000178
0.437250 -0.000172
0.437500 -0.000167
0.437750 -0.000162
0.438000 -0.000157
0.438250 -0.000152
0.438500 -0.000148
0.438750 -0.000143
0.439000 -0.000139
0.439250 -0.000134
0.439500 -0.000130
0.439750 -0.000126
0.440000 -0.000123
0.440250 -0.000119
0.440500 -0.000115
0.440750 -0.000112
0.441000 -0.000108
0.441250 -0.000105
0.441500 -0.000102
0.441750 -0.000099
0.442000 -0.000096
0.442250 -0.000093
0.442500 -0.000090
0.442750 -0.000087
0.443000 -0.000085
0.443250 -0.000082
0.443500 -0.000080
0.443750 -0.000077
0.444000 -0.000075
0.444250 -0.000073
0.444500 -0.000070
0.444750 -0.000068
0.445000 -0.000066
0.445250 -0.000064
0.445500 -0.000062
0.445750 -0.000060
0.446000 -0.000058
0.446250 -0.000057
0.446500 -0.000055
0.446750 -0.000053
0.447000 -0.000052
0.447250 -0.000050
0.447500 -0.000049
0.447750 -0.000047
0.448000 -0.000046
0.448250 -0.000044
0.448500 -0.000043
0.448750 -0.000042
0.449000 -0.000040
0.449250 -0.000039
0.449500 -0.000038
0.449750 -0.000037
0.450000 -0.000036
0.450250 -0.000035
0.450500 -0.000033
0.450750 -0.000032
0.451000 -0.000031
0.451250 -0.000031
0.451500 -0.000030
0.451750 -0.000029
0.452000 -0.000028
0.452250 -0.000027
0.452500 -0.000026
0.452750 -0.000025
0.453000 -0.000025
0.453250 -0.000024
0.453500 -0.000023
0.453750 -0.000022
0.454000 -0.000022
0.454250 -0.000021
0.454500 -0.000020
0.454750 -0.000020
0.455000 -0.000019
0.455250 -0.000019
0.455500 -0.000018
0.455750 -0.000017
0.456000 -0.000017
0.456250 -0.000016
0.456500 -0.000016
0.456750 -0.000015
0.457000 -0.000015
0.457250 -0.000015
0.457500 -0.000014
0.457750 -0.000014
0.458000 -0.000013
0.458250 -0.000013
0.458500 -0.000012
0.458750 -0.000012
0.459000 -0.000012
0.459250 -0.000011
0.459500 -0.000011
0.459750 -0.000011
0.460000 -0.000010
0.460250 -0.000010
0.460500 -0.000010
0.460750 -0.000009
0.461000 -0.000009
0.461250 -0.000009
0.461500 -0.000009
0.461750 -0.000008
0.462000 -0.000008
0.462250 -0.000008
0.462500 -0.000008
0.462750 -0.000007
0.463000 -0.000007
0.463250 -0.000007
0.463500 -0.000007
0.463750 -0.000007
0.464000 -0.000006
0.464250 -0.000006
0.464500 -0.000006
0.464750 -0.000006
0.465000 -0.000006
0.465250 -0.000005
0.465500 -0.000005
0.465750 -0.000005
0.466000 -0.000005
0.466250 -0.000005
0.466500 -0.000005
0.466750 -0.000004
0.467000 -0.000004
0.467250 -0.000004
0.467500 -0.000004
0.467750 -0.000004
0.468000 -0.000004
0.468250 -0.000004
0.468500 -0.000004
0.468750 -0.000004
0.469000 -0.000003
0.469250 -0.000003
0.469500 -0.000003
0.469750 -0.000003
0.470000 -0.000003
0.470250 -0.000003
0.470500 -0.000003
0.470750 -0.000003
0.471000 -0.000003
0.471250 -0.000003
0.471500 -0.000003
0.471750 -0.000002
0.472000 -0.000002
0.472250 -0.000002
0.472500 -0.000002
0.472750 -0.000002
0.473000 -0.000002
0.473250 -0.000002
0.473500 -0.000002
0.473750 -0.000002
0.474000 -0.000002
0.474250 -0.000002
0.474500 -0.000002
0.474750 -0.000002
0.475000 -0.000002
0.475250 -0.000002
0.475500 -0.000002
0.475750 -0.000001
0.476000 -0.000001
0.476250 -0.000001
0.476500 -0.000001
0.476750 -0.000001
0.477000 -0.000001
0.477250 -0.000001
0.477500 -0.000001
0.477750 -0.000001
0.478000 -0.000001
0.478250 -0.000001
0.478500 -0.000001
0.478750 -0.000001
0.479000 -0.000001
0.479250 -0.000001
0.479500 -0.000001
0.479750 -0.000001
0.480000 -0.000001
0.480250 -0.000001
0.480500 -0.000001
0.480750 -0.000001
0.481000 -0.000001
0.481250 -0.000001
0.481500 -0.000001
0.481750 -0.000001
0.482000 -0.000001
0.482250 -0.000001
0.482500 -0.000001
0.482750 -0.000001
0.483000 -0.000001
0.483250 -0.000001
0.483500 -0.000001
0.483750 -0.000001
0.484000 -0.000001
0.484250 -0.000001
0.484500 -0.000000
0.484750 -0.000000
0.485000 -0.000000
0.485250 -0.000000
0.485500 -0.000000
0.485750 -0.000000
0.486000 -0.000000
0.486250 -0.000000
0.486500 -0.000000
0.486750 -0.000000
0.487000 -0.000000
0.487250 -0.000000
0.487500 -0.000000
0.487750 -0.000000
0.488000 -0.000000
0.488250 -0.000000
0.488500 -0.000000
0.488750 -0.000000
0.489000 -0.000000
0.489250 -0.000000
0.489500 -0.000000
0.489750 -0.000000
0.490000 -0.000000
0.490250 -0.000000
0.490500 -0.000000
0.490750 -0.000000
0.491000 -0.000000
0.491260 -0.000000
0.491500 -0.000000
0.491760 -0.000000
0.492000 -0.000000
0.492260 -0.000000
0.492500 -0.000000
0.492760 -0.000000
0.493000 -0.000000
0.493260 -0.000000
0.493500 -0.000000
0.493760 -0.000000
0.494000 -0.000000
0.494260 -0.000000
0.494500 -0.000000
0.494760 -0.000000
0.495000 -0.000000
0.495260 -0.000000
0.495500 -0.000000
0.495760 -0.000000
0.496000 -0.000000
0.496260 -0.000000
0.496500 -0.000000
0.496770 -0.000000
0.497000 -0.000000
0.497270 -0.000000
0.497500 -0.000000
0.497780 -0.000000
0.498000 -0.000000
0.498280 -0.000000
0.498500 -0.000000
0.498800 -0.000000
0.499000 -0.000000
0.499340 -0.000000
0.499500 -0.000000
0.500000 -0.000000
